0.9800162315368652	0.0
0.8490844368934631	0.0625
0.7712255716323853	0.18181818181818182
0.8201889395713806	0.0
0.18522725999355316	0.1
0.7791496515274048	0.0
0.828112781047821	0.0
0.781738817691803	0.0
0.8822267055511475	0.0
0.9590196013450623	0.07142857142857142
0.9839345812797546	0.1
0.478493869304657	0.08571428571428572
0.6853960156440735	0.0
0.8526023030281067	0.25
0.8277140855789185	0.045454545454545456
0.9098092913627625	0.034482758620689655
0.9735552072525024	0.07692307692307693
0.2621968388557434	0.15384615384615385
0.8491290211677551	0.058823529411764705
0.8515991568565369	0.07142857142857142
0.6096816658973694	0.0
0.5774107575416565	0.14285714285714285
0.651028573513031	0.05555555555555555
0.6951173543930054	0.11428571428571428
0.891889214515686	0.0
0.8491264581680298	0.043478260869565216
0.9430906772613525	0.058823529411764705
0.9001373648643494	0.06666666666666667
0.5333184003829956	0.06896551724137931
0.8710023760795593	0.0
0.3605025112628937	0.0
0.6506875157356262	0.09523809523809523
0.7023178935050964	0.037037037037037035
0.9432923793792725	0.15384615384615385
0.8466328382492065	0.125
0.838071882724762	0.1
0.8607127666473389	0.043478260869565216
0.7818160057067871	0.0
0.8719611763954163	0.12244897959183673
0.9172852039337158	0.0
0.6533477902412415	0.4375
0.8666625022888184	0.0
0.8324163556098938	0.0
0.9196368455886841	0.4
0.7667703032493591	0.07407407407407407
0.6640579104423523	0.0
0.8950467109680176	0.06896551724137931
0.9157463312149048	0.18181818181818182
0.8579143285751343	0.03125
0.8460497856140137	0.08333333333333333
0.9870367050170898	0.0
0.6348550319671631	0.0
0.9098398685455322	0.0
0.8537829518318176	0.0
0.8586810231208801	0.03571428571428571
0.5494973063468933	0.0
0.5452814698219299	0.034482758620689655
0.8535490036010742	0.0
0.9299674034118652	0.08333333333333333
0.9356356859207153	0.1
0.9056743383407593	0.14285714285714285
0.9011372327804565	0.0
0.9056397080421448	0.0
0.7071366310119629	0.0
0.893663227558136	0.0
0.9555593729019165	0.0
0.7386932969093323	0.0625
0.9649892449378967	0.14285714285714285
0.3120167851448059	0.024390243902439025
0.7585486173629761	0.1
0.9007084369659424	0.0
0.7818160057067871	0.0
0.9678718447685242	0.07692307692307693
0.8885785341262817	0.043478260869565216
0.6359817981719971	0.0
0.8062308430671692	0.0
0.9215764403343201	0.08333333333333333
0.7276279330253601	0.0
0.8454796075820923	0.05555555555555555
0.9245793223381042	0.07692307692307693
0.8653693795204163	0.08333333333333333
0.9241657257080078	0.0
0.9652899503707886	0.0
0.7542309761047363	0.18181818181818182
0.766991913318634	0.0
0.8562548756599426	0.08333333333333333
0.9294043183326721	0.0
0.7807855010032654	0.1111111111111111
0.7919948101043701	0.0
0.5752571225166321	0.6
0.9142830967903137	0.0
0.7170684337615967	0.0
0.9537985920906067	0.0
0.9902443885803223	0.3333333333333333
0.5216535925865173	0.0
0.8231074810028076	0.0
0.949509859085083	0.0
0.9515637755393982	0.0
0.6480691432952881	0.0
0.7833856344223022	0.0
0.9859654307365417	0.0
0.4575452506542206	0.0
0.35285770893096924	0.0
0.5162569284439087	0.0
0.46885159611701965	0.1111111111111111
0.7577611207962036	0.17391304347826086
0.9825015068054199	0.0
0.7495301961898804	0.0
0.94441819190979	0.0
0.8431591987609863	0.0
0.8272046446800232	0.05555555555555555
0.87191241979599	0.0
0.6773049831390381	0.5
0.7326183319091797	0.0
0.7366388440132141	0.1111111111111111
0.6848163604736328	0.1875
0.7671144604682922	0.0
0.46775001287460327	0.18181818181818182
0.901862382888794	0.2
0.37534934282302856	0.5
0.8864345550537109	0.0
0.6459510922431946	0.0
0.5155375003814697	0.14285714285714285
0.5268781185150146	0.0
0.9786606431007385	0.0
0.5555492043495178	0.0
0.6951874494552612	0.0
0.9155294299125671	0.0
0.3225853741168976	0.0
0.8621220588684082	0.05263157894736842
0.9372155666351318	0.0
0.7708667516708374	0.0
0.7719056010246277	0.0
0.6423301100730896	0.3333333333333333
0.8504942059516907	0.05
0.8910626769065857	0.0
0.8328845500946045	0.0
0.9003098011016846	0.0
0.8654950857162476	0.0
0.5717025399208069	0.0
0.9531586170196533	0.0
0.8865165114402771	0.0
0.8334450125694275	0.0
0.9605928063392639	0.0
0.22433704137802124	0.0
0.9287561178207397	0.09090909090909091
0.8966047167778015	0.0
0.9361802935600281	0.5
0.8981953859329224	0.0
0.828240692615509	0.0
0.9147235155105591	0.0
0.8337377905845642	0.0
0.9361180663108826	0.0
0.956863522529602	0.0
0.5999725461006165	0.0
0.9595377445220947	0.25
0.9480358958244324	0.0
0.7646181583404541	0.0
0.9014740586280823	0.05
0.1580836921930313	0.0
0.7096598148345947	0.0
0.4017336666584015	0.0
0.2719106376171112	0.0
0.800445020198822	0.0
0.880768895149231	0.0
0.9861658811569214	0.0
0.5957520604133606	0.0
0.8583616614341736	0.0
0.7664723992347717	0.0
0.717301070690155	0.0
0.9257411956787109	0.0
0.894049882888794	0.16666666666666666
0.7511042356491089	0.0
0.8155277967453003	0.0
0.9231990575790405	0.0
0.7850111722946167	0.0
0.8781440854072571	0.0
0.7445999979972839	0.18181818181818182
0.9599196910858154	0.0
0.740141749382019	0.0
0.7556705474853516	0.07142857142857142
0.8117380738258362	0.0
0.9294043183326721	0.0
0.8022997379302979	0.0
0.5710852146148682	0.75
0.4824914038181305	0.0
0.41148337721824646	0.05
0.8071263432502747	0.0
0.41044852137565613	3.0
0.646926999092102	0.0
0.6313111186027527	0.09090909090909091
0.6990817785263062	0.0
0.2658255696296692	0.03571428571428571
0.8346702456474304	0.0
0.5735737681388855	0.0
0.47121793031692505	0.0
0.5939241647720337	0.09090909090909091
0.641671359539032	0.0
0.7672028541564941	0.0
0.6455097198486328	0.0
0.6692658066749573	0.0
0.7818160057067871	0.0
0.6710059642791748	0.0
0.7017300128936768	0.0
0.5762621760368347	0.08333333333333333
0.8665732145309448	0.2727272727272727
0.21748502552509308	0.7142857142857143
0.5146466493606567	0.2222222222222222
0.6477096676826477	0.0
0.5952289700508118	0.0
0.5428122282028198	0.0
0.6505318880081177	0.07142857142857142
0.6312236189842224	0.058823529411764705
0.756902277469635	0.037037037037037035
0.9212987422943115	0.0
0.7399874925613403	0.0
0.5704194903373718	0.0
0.9030411243438721	0.0
0.8495053648948669	0.0
0.5872166752815247	0.29411764705882354
0.8532574772834778	0.2
0.8564619421958923	0.0
0.21197974681854248	0.041666666666666664
0.9393826723098755	0.0
0.9049501419067383	0.0
0.9349373579025269	0.0
0.8127171993255615	0.6666666666666666
0.6930134296417236	0.04918032786885246
0.7141583561897278	0.0
0.5730610489845276	0.03225806451612903
0.5924904942512512	0.5
0.515446126461029	0.4444444444444444
0.5015028119087219	1.5
0.5330981612205505	0.0
0.5294657349586487	1.0
0.9315721392631531	0.3333333333333333
0.4734667241573334	0.0
0.4812030792236328	0.0
0.7736241221427917	0.0
0.4096856117248535	0.3333333333333333
0.5504862070083618	0.0
0.5500832200050354	0.07692307692307693
0.7982959747314453	0.0
0.6003325581550598	0.0
0.8047029972076416	0.1111111111111111
0.6254026889801025	0.0
0.4904046058654785	0.23076923076923078
0.9164822101593018	0.10714285714285714
0.6430160999298096	0.0
0.41855838894844055	0.0
0.298240602016449	0.043478260869565216
0.584453284740448	0.08108108108108109
0.903676450252533	0.0
0.8042363524436951	0.0
0.7684521079063416	0.0625
0.8330697417259216	0.0
0.8089843392372131	0.0
0.9054317474365234	0.0
0.8110719323158264	0.0
0.6588329672813416	0.0
0.8333405256271362	0.0
0.857948362827301	0.034482758620689655
0.6947753429412842	0.2
0.2600556015968323	0.11494252873563218
0.30327433347702026	0.1388888888888889
0.8584169745445251	0.0
0.9088171720504761	0.17647058823529413
0.134011372923851	0.017857142857142856
0.727877140045166	0.0
0.6721040606498718	0.0
0.7711372971534729	0.0
0.6018548011779785	0.1111111111111111
0.40323323011398315	0.3
0.20182602107524872	0.0
0.4787258207798004	0.10810810810810811
0.2545489966869354	0.26666666666666666
0.1304650753736496	0.058823529411764705
0.2040395885705948	0.06521739130434782
0.9595946669578552	0.16666666666666666
0.8563546538352966	0.05555555555555555
0.8525288105010986	0.04
0.7825210094451904	0.0
0.6397667527198792	0.0
0.7885072827339172	3.0
0.9139248132705688	0.0
0.5852933526039124	0.0
0.42052483558654785	1.2
0.5559101700782776	0.0
0.794188380241394	0.14285714285714285
0.4894707500934601	1.5
0.5109912157058716	0.4
0.3821491599082947	0.06382978723404255
0.4075866639614105	0.14285714285714285
0.8337023854255676	0.0
0.5354410409927368	0.0
0.7002441883087158	0.0
0.6309648156166077	0.0
0.7507160902023315	0.16
0.3132466971874237	0.07692307692307693
0.838810920715332	0.0
0.43261048197746277	0.0
0.42686861753463745	0.20833333333333334
0.5247955322265625	0.0
0.7459871768951416	0.05555555555555555
0.4504000246524811	0.16666666666666666
0.5777173638343811	0.0
0.13295212388038635	0.06896551724137931
0.5888832211494446	0.0
0.5402101874351501	0.0
0.6730102300643921	0.07407407407407407
0.5082231760025024	0.0
0.8809608817100525	0.0
0.973499596118927	0.0
0.9483502507209778	0.0
0.6595972180366516	0.0
0.4155043065547943	0.0
0.09150615334510803	0.05405405405405406
0.7539339065551758	0.42857142857142855
0.6318067312240601	0.0
0.5973761081695557	0.0
0.6871412992477417	0.0
0.358273446559906	0.0
0.44028517603874207	0.0967741935483871
0.6596433520317078	0.09090909090909091
0.7358299493789673	0.25
0.35106298327445984	0.08333333333333333
0.440082848072052	0.0
0.2586965262889862	0.10526315789473684
0.4708021879196167	0.0
0.2158346325159073	0.125
0.21306705474853516	0.09375
0.3437279462814331	0.0
0.31786221265792847	0.0
0.15767747163772583	0.0
0.20840643346309662	0.0
0.1467001736164093	0.0
0.3256097137928009	0.5
0.48262014985084534	0.0
0.2957957983016968	0.0
0.9783152937889099	0.0
0.884724497795105	0.0
0.21477161347866058	0.0
0.2628098130226135	0.0
0.2616402804851532	0.058823529411764705
0.5507361888885498	0.0
0.18010635673999786	0.25
0.3459196090698242	0.058823529411764705
0.7069147229194641	0.09090909090909091
0.7928232550621033	0.0
0.8873570561408997	0.0
0.8829820156097412	0.0
0.9594739079475403	0.0
0.864703357219696	0.043478260869565216
0.8122318983078003	0.0
0.8525403141975403	0.0
0.5942080020904541	0.0
0.898526132106781	0.0
0.8758071660995483	0.0
0.910152792930603	0.0
0.8704405426979065	0.0
0.8166875839233398	0.0
0.8515200018882751	0.09090909090909091
0.8675967454910278	0.0
0.8251290917396545	0.041666666666666664
0.49828365445137024	0.09523809523809523
0.7713545560836792	0.0
0.5190516710281372	0.07692307692307693
0.45029929280281067	0.047619047619047616
0.8039417266845703	0.0
0.9635090231895447	0.0
0.789665699005127	0.0
0.9144546389579773	0.0
0.9333277344703674	0.0
0.856926679611206	0.0
0.723550021648407	0.0
0.5224318504333496	0.027777777777777776
0.7162622213363647	0.13636363636363635
0.6908849477767944	0.0
0.9189985394477844	0.07692307692307693
0.7620064616203308	0.1111111111111111
0.9446582198143005	0.0
0.41854941844940186	0.0
0.9334495663642883	0.0
0.4886595904827118	0.041666666666666664
0.7330912351608276	0.0
0.6389598846435547	0.0
0.8965113759040833	0.0
0.687760055065155	0.0
0.8288368582725525	0.0
0.6692193150520325	0.0
0.9074498414993286	0.0
0.890658438205719	0.0
0.8800325989723206	0.0
0.8356619477272034	0.0
0.8523727655410767	0.0
0.6836475729942322	0.0
0.8643664121627808	0.0
0.9704351425170898	0.0
0.726302444934845	0.0
0.7822473049163818	0.0
0.7911345362663269	0.0
0.634830892086029	0.0
0.9210461974143982	0.0
0.8227366805076599	0.0
0.6378052234649658	0.0
0.5587981343269348	0.13333333333333333
0.8914767503738403	0.0
0.8331813216209412	0.0
0.7710564136505127	0.0
0.7144709229469299	0.0
0.9027755856513977	0.0
0.9472220540046692	0.0
0.9403002858161926	0.0
0.5331218838691711	0.08333333333333333
0.7907474637031555	0.0
0.785915195941925	0.0
0.8087840676307678	0.0
0.8770735859870911	0.0
0.8549938201904297	0.0
0.7277194857597351	0.0
0.8400079011917114	0.0
0.8842384815216064	0.0
0.9271113276481628	0.0
0.9313213229179382	0.0
0.8552400469779968	0.0
0.6510891914367676	0.0
0.8017345070838928	0.0
0.9573902487754822	0.0
0.5681363940238953	0.0
0.8510186076164246	0.0
0.7645524144172668	0.0
0.8087443113327026	0.0
0.9685540795326233	0.0
0.706195056438446	0.0
0.8869900107383728	0.0
0.8309653997421265	0.0
0.340104877948761	0.08333333333333333
0.7455925941467285	0.05263157894736842
0.42416688799858093	0.125
0.11654756963253021	0.043478260869565216
0.5703593492507935	0.12
0.7742026448249817	0.0
0.7608247399330139	0.10526315789473684
0.4235273003578186	0.0
0.9047377109527588	0.0
0.8926981091499329	0.1
0.3673485815525055	0.045454545454545456
0.30892661213874817	0.0
0.41664567589759827	0.0
0.6358934044837952	0.0
0.4339461028575897	0.023255813953488372
0.6332260370254517	0.0
0.7809101939201355	0.08333333333333333
0.6047137379646301	0.0
0.906563401222229	0.08333333333333333
0.6910934448242188	0.045454545454545456
0.8252010345458984	0.0
0.9463773369789124	0.0
0.8979527950286865	0.16666666666666666
0.2632544934749603	0.0
0.215568408370018	0.0
0.4829320013523102	0.0
0.46120086312294006	0.0
0.7694069147109985	0.0
0.6906538605690002	0.0
0.7585381865501404	0.043478260869565216
0.6717948317527771	0.0
0.5040864944458008	0.0
0.5080348253250122	0.14814814814814814
0.5187931656837463	0.09523809523809523
0.43012019991874695	0.0
0.7082074284553528	0.0
0.7198358178138733	0.0
0.9093120098114014	0.0
0.6311463117599487	0.0
0.7512099742889404	0.0
0.8541428446769714	0.0
0.7179083824157715	0.1
0.8993639945983887	0.0
0.8630644083023071	0.0
0.7404181361198425	0.0
0.5841836333274841	0.0
0.8832938075065613	0.0
0.8313579559326172	0.0
0.8709660172462463	0.0
0.6806659698486328	0.0
0.9242611527442932	0.0
0.6571381092071533	0.0
0.5179053544998169	0.038461538461538464
0.9340535998344421	0.0
0.7377583384513855	0.0
0.9140533804893494	0.0
0.892604410648346	0.0
0.6997934579849243	0.0
0.7908633351325989	0.0
0.9325668811798096	0.0
0.8854524493217468	0.0
0.8623785376548767	0.0
0.25105714797973633	0.0
0.8925361037254333	0.0
0.8443111777305603	0.0
0.8310499787330627	0.0
0.7578642964363098	0.0
0.8057507872581482	0.0
0.7594019174575806	0.0
0.6231150031089783	0.0
0.18615300953388214	3.0
0.47635510563850403	0.0
0.8948125839233398	0.0
0.8627395629882812	0.0
0.8320751786231995	0.0
0.5694270730018616	0.0
0.689964771270752	0.0
0.6744496822357178	0.0
0.8125572800636292	0.08333333333333333
0.7405456304550171	0.0
0.8517646789550781	0.17647058823529413
0.7307228446006775	0.0
0.6264395713806152	0.0
0.8681153655052185	0.05555555555555555
0.5260692834854126	0.05128205128205128
0.8993515372276306	0.0625
0.8673317432403564	0.0
0.8834684491157532	0.0
0.773921012878418	0.06060606060606061
0.8224311470985413	0.08695652173913043
0.7270040512084961	0.023255813953488372
0.19479089975357056	0.1
0.34102490544319153	0.015873015873015872
0.5662127137184143	0.0
0.7883179187774658	0.0
0.8188068866729736	0.0
0.9883993268013	0.2
0.8578684329986572	0.0
0.3980017602443695	0.0
0.487760990858078	0.1724137931034483
0.3858274817466736	0.0
0.8583717346191406	0.0
0.8222469091415405	0.0
0.6997107863426208	0.07692307692307693
0.8610588312149048	0.0
0.8614282608032227	0.0
0.727815568447113	0.0625
0.7275219559669495	0.04
0.4634009301662445	0.08571428571428572
0.20672357082366943	0.041666666666666664
0.5972023606300354	0.0
0.7576751708984375	0.0
0.5345898270606995	0.1
0.8729259371757507	0.1891891891891892
0.634250283241272	0.07692307692307693
0.5438584089279175	0.0
0.7054105401039124	0.0
0.8126505017280579	0.05263157894736842
0.8154110908508301	0.15789473684210525
0.758378803730011	0.0
0.6377090811729431	0.0
0.801300585269928	0.11428571428571428
0.5153576731681824	0.029411764705882353
0.6968221068382263	0.0
0.6966209411621094	0.0
0.9883591532707214	0.0
0.7577263116836548	0.0
0.7358142137527466	0.0
0.780716061592102	0.08108108108108109
0.7035539150238037	0.0
0.7308133840560913	0.0
0.40629786252975464	0.0
0.572187602519989	0.045454545454545456
0.2505519688129425	0.0
0.48849958181381226	0.022222222222222223
0.32235607504844666	0.125
0.7873561382293701	0.0
0.2175399661064148	0.0
0.7320339679718018	0.0
0.47863849997520447	0.037037037037037035
0.7403697371482849	0.0
0.6793210506439209	0.043478260869565216
0.955471396446228	0.0
0.602759599685669	0.0
0.8959667086601257	0.0
0.7737041115760803	0.0
0.6090843677520752	0.0
0.9270745515823364	0.0
0.8785746097564697	0.0
0.45350855588912964	0.0
0.494735449552536	0.0
0.7591414451599121	0.0
0.6038380265235901	0.0
0.8036119341850281	0.0
0.6147872805595398	0.0
0.859666109085083	0.0
0.41772395372390747	0.0
0.9605690836906433	0.4
0.7740554213523865	0.038461538461538464
0.8621485829353333	0.0
0.9481545090675354	0.0
0.8016042113304138	0.0
0.9870731234550476	0.0
0.24810698628425598	0.03571428571428571
0.4224514365196228	0.058823529411764705
0.7358771562576294	0.08695652173913043
0.18816806375980377	0.0
0.45503246784210205	0.08928571428571429
0.8531985282897949	0.0
0.5457028746604919	0.08823529411764706
0.31238141655921936	0.0
0.624350905418396	0.0
0.23721253871917725	0.0
0.7100197076797485	0.0
0.575002133846283	0.0
0.8863639235496521	0.047619047619047616
0.8521795272827148	0.0
0.11435705423355103	0.03125
0.5560178756713867	0.0196078431372549
0.7316163182258606	0.0
0.4829477071762085	0.16666666666666666
0.1440538465976715	0.08333333333333333
0.6184636354446411	0.0547945205479452
0.6397458910942078	0.0
0.6795108318328857	0.0
0.8969290256500244	0.058823529411764705
0.4078283905982971	0.0
0.5996171832084656	0.14285714285714285
0.7016468644142151	0.041666666666666664
0.34185001254081726	0.05
0.43745386600494385	0.08695652173913043
0.8061073422431946	0.0
0.9612746834754944	0.0625
0.6052564382553101	0.0
0.9025281071662903	0.0
0.5015952587127686	0.0
0.6187165975570679	0.05
0.4058317244052887	0.1
0.859278678894043	0.0
0.5513490438461304	0.07692307692307693
0.22493118047714233	0.045454545454545456
0.5281469821929932	0.05
0.5000565052032471	0.0
0.7569888234138489	0.0
0.6945512294769287	0.09090909090909091
0.808413028717041	0.11764705882352941
0.8251870274543762	0.09090909090909091
0.7631241679191589	0.0
0.8838456273078918	0.0
0.5196220874786377	0.0
0.38533422350883484	0.0
0.7100510597229004	0.0
0.34293699264526367	0.0
0.40589508414268494	0.0625
0.20743265748023987	0.0
0.9714345335960388	0.0
0.6877313852310181	0.0
0.8430424928665161	0.13333333333333333
0.23944438993930817	0.6
0.49188098311424255	0.07692307692307693
0.7205315232276917	0.03225806451612903
0.9397239685058594	0.18181818181818182
0.7097748517990112	0.0
0.6925628781318665	0.0
0.5128456950187683	0.05263157894736842
0.9020264744758606	0.07692307692307693
0.22829116880893707	0.0
0.7032350301742554	0.09375
0.1837908923625946	0.0
0.3342421054840088	0.13636363636363635
0.2194284349679947	0.05405405405405406
0.10658559203147888	0.0
0.21496358513832092	0.07407407407407407
0.883758544921875	0.06666666666666667
0.27949461340904236	0.05263157894736842
0.35761991143226624	0.08333333333333333
0.41900718212127686	0.0
0.5096683502197266	0.06060606060606061
0.7822177410125732	0.2
0.7321413159370422	0.0
0.16181236505508423	0.0
0.9585646986961365	0.16666666666666666
0.8495059609413147	0.07142857142857142
0.5255556702613831	0.08695652173913043
0.25243666768074036	0.0
0.7798687815666199	0.05555555555555555
0.6824346780776978	0.0
0.3717767298221588	0.0
0.3656579256057739	0.0
0.9225080013275146	0.06666666666666667
0.8632696270942688	0.0
0.5968477129936218	1.1666666666666667
0.7439086437225342	0.0
0.4596729576587677	0.0
0.7491366267204285	0.0
0.44013887643814087	0.0
0.7945912480354309	0.0
0.4932159185409546	0.03333333333333333
0.7644898295402527	0.041666666666666664
0.9840851426124573	0.0
0.6727278232574463	0.14285714285714285
0.7984790205955505	0.0
0.8472808003425598	0.0
0.9262261390686035	0.0
0.8851322531700134	0.0
0.8922181129455566	0.0
0.9588170051574707	0.0
0.8644040822982788	0.0
0.764125406742096	0.0
0.5419110059738159	0.0
0.38899409770965576	0.0
0.8634927868843079	0.0
0.7085806727409363	0.0
0.9777142405509949	0.0
0.8626192212104797	0.0
0.6993940472602844	0.0
0.9798019528388977	0.0
0.8783154487609863	0.0
0.5855985879898071	0.0
0.8484976291656494	0.0
0.8296926617622375	0.0
0.7653393149375916	0.0
0.9463791251182556	0.0
0.7881863117218018	0.0
0.8240540623664856	0.0
0.8383315205574036	0.0
0.46886590123176575	0.0
0.5861220359802246	0.045454545454545456
0.8941768407821655	0.0
0.9872152805328369	0.0
0.7592737078666687	0.0
0.8321083188056946	0.375
0.45326584577560425	0.058823529411764705
0.7286604046821594	0.0
0.845312774181366	0.0
0.7849535346031189	0.0
0.9811422824859619	0.0
0.8297576308250427	0.0
0.681352972984314	0.0
0.9297215342521667	0.09090909090909091
0.8649066090583801	0.037037037037037035
0.9733367562294006	0.0
0.9098456501960754	0.0
0.4507625102996826	0.05555555555555555
0.7818160057067871	0.0
0.9348552823066711	0.047619047619047616
0.9458498954772949	0.0
0.5823664665222168	0.15384615384615385
0.7650501132011414	0.047619047619047616
0.9421094655990601	0.0
0.4365926682949066	0.2
0.15141800045967102	0.047619047619047616
0.219803586602211	0.0967741935483871
0.9293804168701172	0.0
0.7594434022903442	0.0
0.6904455423355103	0.06896551724137931
0.15073536336421967	0.047619047619047616
0.6272444128990173	0.058823529411764705
0.19951453804969788	0.03225806451612903
0.7897769808769226	0.07407407407407407
0.24209456145763397	0.0
0.7451803684234619	0.125
0.10319541394710541	0.08333333333333333
0.6339229941368103	0.0
0.17404761910438538	0.125
0.24891993403434753	0.15384615384615385
0.6646735072135925	0.07142857142857142
0.12354280054569244	0.16666666666666666
0.10237368941307068	0.038461538461538464
0.6157951354980469	0.0
0.1162106841802597	0.0
0.17900973558425903	0.037037037037037035
0.7167460918426514	0.0
0.691124439239502	0.0
0.32012930512428284	0.034482758620689655
0.6754110455513	0.05555555555555555
0.3940354883670807	0.14814814814814814
0.14979586005210876	0.0967741935483871
0.8292694091796875	0.0
0.811743438243866	0.0
0.8649264574050903	0.0
0.8552610278129578	0.1
0.5627841949462891	0.0
0.7205411195755005	0.0
0.7929782867431641	0.0
0.6642653346061707	0.0
0.8193811774253845	0.05555555555555555
0.7918382287025452	0.0
0.7870340943336487	0.0
0.957770586013794	0.0
0.790640652179718	0.0
0.5582874417304993	0.0
0.8841317892074585	0.0
0.8981897830963135	0.0
0.8508146405220032	0.08333333333333333
0.864331841468811	0.0
0.8593598008155823	0.0
0.9115188717842102	0.0
0.8553557991981506	0.0
0.8614908456802368	0.0
0.9143469929695129	0.0
0.5337762236595154	0.07407407407407407
0.3937855064868927	0.045454545454545456
0.8460965156555176	0.0
0.5713734030723572	0.0
0.8625323176383972	0.0
0.7092957496643066	0.0
0.9760555624961853	0.0
0.822965145111084	0.0
0.9070007801055908	0.0
0.7954677939414978	0.0
0.8504860997200012	0.0
0.7869887351989746	0.029411764705882353
0.7404802441596985	0.0
0.4722971022129059	0.1875
0.899738609790802	0.0
0.752007246017456	0.06666666666666667
0.8793982267379761	0.07692307692307693
0.6958045363426208	0.1111111111111111
0.7096572518348694	0.0625
0.7928639650344849	0.09090909090909091
0.5101185441017151	0.0
0.7921616435050964	0.13333333333333333
0.9161046147346497	0.041666666666666664
0.6678057312965393	0.0625
0.8137872815132141	0.0
0.6085903644561768	0.0
0.881718099117279	0.058823529411764705
0.5255470871925354	0.26666666666666666
0.8383464813232422	0.13793103448275862
0.714445173740387	0.043478260869565216
0.9868773221969604	0.14285714285714285
0.8840987086296082	0.0
0.9099807143211365	0.0
0.7543909549713135	0.0
0.6945837736129761	0.14705882352941177
0.9608367085456848	0.0
0.8725621700286865	0.09375
0.8312795162200928	0.0
0.8751898407936096	0.0
0.8803805708885193	0.07692307692307693
0.12514270842075348	0.0
0.8338460326194763	0.0
0.3696709871292114	0.12
0.16662175953388214	0.0
0.2446793019771576	0.043478260869565216
0.2857193648815155	0.2
0.8691094517707825	0.0
0.8829225301742554	0.0
0.17143407464027405	0.09523809523809523
0.7344545125961304	0.0
0.2827412486076355	0.0
0.2642492353916168	0.11538461538461539
0.30643296241760254	0.0
0.22053101658821106	0.0
0.3481552004814148	0.0
0.40982118248939514	0.0
0.7959656119346619	0.07692307692307693
0.13179810345172882	0.0
0.11868272721767426	0.03571428571428571
0.44430992007255554	0.0
0.2731718122959137	0.0
0.30723443627357483	0.0
0.25350576639175415	0.045454545454545456
0.3987950086593628	0.0
0.46512165665626526	0.0
0.38920262455940247	0.0
0.4087425172328949	0.0
0.3950781524181366	0.05263157894736842
0.35204440355300903	0.0
0.28462451696395874	0.05555555555555555
0.45125001668930054	0.0
0.6851897835731506	0.0
0.2994742691516876	0.15789473684210525
0.21128657460212708	0.0
0.26653337478637695	0.0
0.27814781665802	0.0
0.531765878200531	0.0
0.49634310603141785	0.0
0.6022130250930786	0.0
0.41381511092185974	0.0
0.2671663761138916	0.0
0.44634976983070374	0.0625
0.4698947072029114	0.0
0.721779465675354	0.0
0.8894252777099609	0.0
0.6198386549949646	0.0
0.34288936853408813	0.0
0.6987804770469666	0.0
0.21156708896160126	0.05263157894736842
0.8427755832672119	0.0
0.7465501427650452	0.0
0.7818160057067871	0.0
0.5504398941993713	0.125
0.5562047362327576	0.0
0.4257347583770752	0.0
0.3039496839046478	0.0
0.2939709722995758	0.0
0.16857750713825226	0.38461538461538464
0.5589253902435303	0.0
0.690955638885498	0.0
0.533912181854248	0.1
0.9081756472587585	0.0
0.791942298412323	0.0
0.8769466280937195	0.0
0.2705731987953186	0.08333333333333333
0.22490650415420532	0.034482758620689655
0.6478096842765808	0.041666666666666664
0.9541805386543274	0.0
0.19292797148227692	0.05555555555555555
0.8836506605148315	0.0
0.4234760105609894	0.0
0.3886270225048065	0.10526315789473684
0.35606545209884644	0.058823529411764705
0.9340329766273499	0.0
0.7714215517044067	0.0
0.7209914326667786	0.0
0.5071091651916504	0.0
0.4709850251674652	0.1
0.8475122451782227	0.0
0.874559223651886	0.0
0.4420783817768097	0.0
0.7530107498168945	0.125
0.3323665261268616	0.0
0.1890927404165268	0.06666666666666667
0.22062678635120392	0.0
0.39024248719215393	0.05555555555555555
0.527527391910553	0.0
0.14579381048679352	0.0
0.9120239615440369	0.0
0.4142657220363617	0.11764705882352941
0.9628360271453857	0.0
0.6548144221305847	0.0
0.682745635509491	0.4
0.2358105182647705	0.058823529411764705
0.8744736909866333	0.0
0.7486734986305237	0.0
0.26797184348106384	0.0
0.6660249829292297	0.1111111111111111
0.4573618471622467	0.0625
0.7542580366134644	0.05263157894736842
0.7560743689537048	0.0625
0.41192975640296936	0.25
0.7115657329559326	0.0
0.9294043183326721	0.0
0.9801990985870361	0.0
0.5310882925987244	0.058823529411764705
0.5065769553184509	0.0
0.7825720906257629	0.0
0.872955858707428	0.058823529411764705
0.48343443870544434	0.0
0.44560402631759644	0.05
0.8668012022972107	0.07692307692307693
0.8859711289405823	0.037037037037037035
0.5690851807594299	0.1111111111111111
0.18075430393218994	0.041666666666666664
0.10926443338394165	0.0
0.616254448890686	0.0
0.8891280889511108	0.0
0.583249032497406	0.0
0.17872539162635803	0.0
0.8942770957946777	0.125
0.8711225390434265	0.0
0.8772370219230652	0.0
0.5667113661766052	0.07692307692307693
0.5619505643844604	0.10526315789473684
0.8765859007835388	0.0
0.8830860257148743	0.0
0.7390320897102356	0.0
0.8639436960220337	0.0
0.9034167528152466	0.0
0.4269638955593109	0.0
0.8293216228485107	0.0
0.74285489320755	0.04
0.8800066113471985	0.625
0.9530918002128601	0.0
0.8827295899391174	0.058823529411764705
0.9456639885902405	0.1111111111111111
0.8165178894996643	0.11764705882352941
0.6404339671134949	0.0
0.8626295328140259	0.14285714285714285
0.1309145987033844	0.11538461538461539
0.6703945994377136	0.0
0.8313648104667664	0.05
0.6314483284950256	0.058823529411764705
0.9633776545524597	0.1
0.31519579887390137	0.047619047619047616
0.7459579110145569	0.0
0.505632758140564	0.0
0.18774688243865967	0.0
0.4792577624320984	0.0
0.14003212749958038	0.0
0.7436789870262146	0.0
0.134788379073143	0.043478260869565216
0.6936270594596863	0.07692307692307693
0.37322866916656494	0.0
0.6985160708427429	0.0
0.7164130806922913	0.07692307692307693
0.6766100525856018	0.0
0.7665936350822449	0.038461538461538464
0.2884353995323181	0.0
0.6940121054649353	0.25
0.444608211517334	0.26666666666666666
0.5493202209472656	0.125
0.12837325036525726	0.2222222222222222
0.15596811473369598	0.05263157894736842
0.9284145832061768	0.0
0.9004526734352112	0.058823529411764705
0.6698099374771118	0.125
0.8354127407073975	0.0
0.6247283816337585	0.07692307692307693
0.38808873295783997	0.07692307692307693
0.1657378226518631	0.14285714285714285
0.5865064263343811	0.07142857142857142
0.17836830019950867	0.25
0.8867794871330261	0.045454545454545456
0.712574303150177	0.0
0.8729382753372192	0.7058823529411765
0.6888912916183472	0.07142857142857142
0.845676600933075	0.13333333333333333
0.8483896851539612	0.0
0.5427680611610413	0.0
0.3258911371231079	0.058823529411764705
0.49804505705833435	0.0
0.3638612926006317	0.0
0.40995827317237854	0.0
0.7402212619781494	0.0
0.23891189694404602	0.0
0.23348374664783478	0.0
0.4194915294647217	0.0
0.9170933365821838	0.0
0.8951590657234192	0.058823529411764705
0.4316166341304779	0.0
0.7668672800064087	0.0
0.6536639332771301	0.25
0.18025889992713928	0.0
0.8959567546844482	0.09090909090909091
0.4323136508464813	0.0
0.18055711686611176	0.0
0.40670472383499146	0.0
0.1699714958667755	0.13333333333333333
0.8211973905563354	0.0
0.6156914830207825	0.045454545454545456
0.13798308372497559	0.0625
0.8670493364334106	0.058823529411764705
0.9186095595359802	0.0
0.7819473743438721	0.0
0.1251865029335022	0.1111111111111111
0.4112623333930969	0.07142857142857142
0.6790553331375122	0.07692307692307693
0.6145820021629333	0.0
0.8092951774597168	0.0
0.1310698390007019	0.0
0.6080572605133057	0.0
0.23038828372955322	0.0
0.24178193509578705	0.09090909090909091
0.5020827651023865	0.3333333333333333
0.8638696670532227	0.0
0.21502776443958282	0.0
0.6107274889945984	0.0
0.6249361634254456	0.0
0.3711554706096649	0.07407407407407407
0.36230579018592834	0.05263157894736842
0.2150266170501709	0.058823529411764705
0.2710001766681671	0.1
0.562419056892395	0.07692307692307693
0.9513726234436035	0.0
0.3240014314651489	0.10526315789473684
0.7929525375366211	0.058823529411764705
0.30873653292655945	0.05263157894736842
0.2074597179889679	0.1111111111111111
0.37487688660621643	0.0
0.2934429347515106	0.15789473684210525
0.15262442827224731	0.03333333333333333
0.6705938577651978	0.03225806451612903
0.24944087862968445	0.09090909090909091
0.2124108374118805	0.0
0.5243365168571472	0.11764705882352941
0.1186513751745224	0.0
0.8012776970863342	0.0
0.43297022581100464	0.11764705882352941
0.37980347871780396	0.0
0.7425032258033752	0.0
0.12255997955799103	0.11538461538461539
0.21035802364349365	0.10526315789473684
0.8457185626029968	0.0625
0.9184160828590393	0.09090909090909091
0.34946098923683167	0.08333333333333333
0.33160218596458435	0.07407407407407407
0.5466885566711426	0.058823529411764705
0.5580641627311707	0.058823529411764705
0.8387120366096497	0.0
0.5052584409713745	0.0
0.6744383573532104	0.0
0.24923035502433777	0.1111111111111111
0.5821580290794373	0.0
0.7070236802101135	0.0
0.6407515406608582	0.038461538461538464
0.2103249430656433	0.08
0.4176967740058899	0.0
0.40137723088264465	0.045454545454545456
0.4065138101577759	0.0
0.3444893956184387	0.0
0.47223028540611267	0.0
0.4902467131614685	0.0
0.3821118175983429	0.0
0.3744906783103943	0.0
0.5262218117713928	0.0
0.625658392906189	0.06976744186046512
0.3710820972919464	0.0
0.4630453288555145	0.0
0.5472443699836731	0.0
0.43111008405685425	0.0
0.3318347632884979	0.0
0.44753387570381165	0.0
0.478236585855484	0.0
0.408027321100235	0.0
0.49427953362464905	0.0
0.43103229999542236	0.0
0.5915015935897827	0.0
0.7388014793395996	0.0
0.5417298078536987	0.0
0.6261941194534302	0.0
0.4497314989566803	0.0
0.3995276689529419	0.0
0.4110439121723175	0.0
0.3207794725894928	0.0
0.5456078052520752	0.0
0.49549493193626404	0.0
0.43339061737060547	0.0
0.3962675929069519	0.0
0.5649999380111694	0.0
0.5938487648963928	0.0
0.48314669728279114	0.0
0.43848422169685364	0.0
0.661445677280426	0.0
0.47433555126190186	0.0
0.5882771015167236	0.0
0.5384963154792786	0.0
0.6206336617469788	0.0
0.4160541296005249	0.0
0.8014058470726013	0.08108108108108109
0.5192494988441467	0.0
0.44746753573417664	0.0
0.5894269347190857	0.0
0.634204089641571	0.0
0.34952595829963684	0.0
0.5067681670188904	0.14285714285714285
0.3857969641685486	0.16666666666666666
0.35346686840057373	0.0
0.2985503673553467	0.0
0.6328029036521912	0.0
0.5587537288665771	0.0
0.6099010109901428	0.0
0.508449912071228	0.0
0.5567774176597595	0.0
0.6048164963722229	0.03571428571428571
0.7271031141281128	0.0
0.5010566711425781	0.0
0.13502120971679688	0.23076923076923078
0.5825914144515991	0.0
0.3539850413799286	0.14285714285714285
0.5736211538314819	0.0
0.657345175743103	0.0
0.6945173740386963	0.0
0.548099160194397	0.0
0.5085069537162781	0.0
0.7248520255088806	0.021739130434782608
0.516761839389801	0.0
0.4517233669757843	0.0
0.5682048201560974	0.0
0.5197288393974304	0.08695652173913043
0.31840547919273376	0.09090909090909091
0.5405769348144531	0.0
0.65409916639328	0.0
0.7013800740242004	0.0
0.6201047301292419	0.0
0.48065266013145447	0.0
0.6176206469535828	0.0
0.5140528678894043	0.0
0.49968352913856506	0.0
0.5347611904144287	0.0
0.6146658658981323	0.0
0.4836518466472626	0.0
0.45536094903945923	0.0
0.3549651801586151	0.0
0.4194074273109436	0.0
0.5798110365867615	0.0
0.4424178898334503	0.041666666666666664
0.8617801070213318	0.0
0.11769017577171326	0.0
0.7168442010879517	0.058823529411764705
0.8771485686302185	0.11764705882352941
0.7795150279998779	0.1111111111111111
0.18788233399391174	0.0
0.19109231233596802	0.0
0.9100897312164307	0.08
0.4496892988681793	0.0
0.6449378132820129	0.0
0.8462098836898804	0.037037037037037035
0.7147103548049927	0.0
0.8133786916732788	0.0
0.918152928352356	0.18181818181818182
0.8546518683433533	0.0625
0.8413820862770081	0.0625
0.7908821105957031	0.0
0.26042306423187256	0.0
0.9152237772941589	0.14285714285714285
0.26243606209754944	0.0
0.8420621156692505	0.0
0.5345442295074463	0.0
0.7664027810096741	0.058823529411764705
0.2505969703197479	0.10344827586206896
0.25379684567451477	0.08695652173913043
0.9403436779975891	0.0
0.8118258714675903	0.0
0.5408348441123962	0.0
0.31485697627067566	0.0
0.858258843421936	0.043478260869565216
0.9624695181846619	0.0
0.9647368788719177	0.0
0.8283771276473999	0.0
0.1229863166809082	0.058823529411764705
0.7652705907821655	0.0
0.8671402931213379	0.0
0.928555428981781	0.05
0.8902903199195862	0.375
0.6073758602142334	0.14285714285714285
0.5982422828674316	0.0
0.8016735911369324	0.2222222222222222
0.8415835499763489	0.0
0.6148642301559448	0.0
0.795284628868103	0.06451612903225806
0.24093087017536163	0.0
0.625891923904419	0.08333333333333333
0.6254943013191223	0.0
0.4639187753200531	0.06666666666666667
0.666463315486908	0.0
0.2595340609550476	0.25
0.7640778422355652	0.08333333333333333
0.9457513689994812	0.0
0.6664313673973083	0.0
0.5941939353942871	0.0
0.5513700246810913	0.0
0.8459131121635437	0.0
0.884346604347229	0.0
0.8778000473976135	0.0
0.8282994031906128	0.0
0.2883111536502838	0.07142857142857142
0.32486626505851746	0.0
0.5705838203430176	0.0
0.9365055561065674	0.0
0.8139373064041138	0.0
0.5853247046470642	0.0
0.9030902981758118	0.09523809523809523
0.506611168384552	0.0
0.9035065770149231	0.125
0.8052648901939392	0.0
0.7740892767906189	0.07142857142857142
0.790501058101654	0.12
0.5455161929130554	0.041666666666666664
0.822126567363739	0.11538461538461539
0.687362015247345	0.0
0.5323481559753418	0.0
0.20107774436473846	0.0
0.6230670213699341	0.0
0.7445707321166992	0.16666666666666666
0.8705171346664429	0.1111111111111111
0.3421746790409088	0.0
0.6190571784973145	0.0
0.35616883635520935	0.0
0.5362003445625305	0.13333333333333333
0.7260361313819885	0.0
0.6934443712234497	0.0625
0.20136764645576477	0.0
0.1551436334848404	0.0
0.24502703547477722	0.0
0.7623559832572937	0.0
0.34516283869743347	0.0625
0.5707323551177979	0.0
0.7943049669265747	0.0
0.8371629118919373	0.0
0.5065775513648987	0.0
0.8120582699775696	0.06896551724137931
0.8004708886146545	0.0
0.9146624207496643	0.0
0.4334653317928314	0.0
0.6816662549972534	0.04
0.5376399755477905	0.0
0.7336724996566772	0.0
0.611302375793457	0.0
0.8078226447105408	0.08
0.8198816776275635	0.0
0.6858070492744446	0.0
0.4448895752429962	0.0
0.40308693051338196	0.0
0.5736314058303833	0.0625
0.6211767196655273	0.0
0.5220913290977478	0.0
0.5231413245201111	0.0
0.5925384163856506	0.15384615384615385
0.7379366755485535	0.0
0.5478687882423401	0.0625
0.38357821106910706	0.0
0.8287081718444824	0.0
0.845349907875061	0.0
0.7202995419502258	0.0
0.886207103729248	0.0
0.5259532332420349	0.0
0.5917943120002747	0.0
0.48220062255859375	0.07692307692307693
0.6652417778968811	0.05555555555555555
0.49065789580345154	0.0
0.9484598636627197	0.2
0.716618537902832	0.2
0.9253788590431213	0.2
0.7105808854103088	0.09523809523809523
0.9183027744293213	0.0
0.7538132667541504	0.0
0.8672412633895874	0.0
0.896026074886322	0.0
0.7556670904159546	0.0
0.8496420383453369	0.0
0.7684292793273926	0.0
0.7823097705841064	0.0
0.6579020619392395	0.047619047619047616
0.55462646484375	0.0
0.8848863244056702	0.0
0.7273392677307129	0.11764705882352941
0.8716190457344055	0.0
0.9570801854133606	0.0
0.1815212368965149	0.0
0.8117536902427673	0.0
0.7436647415161133	0.0
0.9474995136260986	0.0
0.8571743369102478	0.05263157894736842
0.2013418972492218	0.0
0.9209877848625183	0.0
0.7891389727592468	0.0
0.5792564153671265	0.0
0.6538392901420593	0.12
0.8326107859611511	0.06666666666666667
0.8789724111557007	0.1111111111111111
0.730221152305603	0.0
0.09427906572818756	0.10526315789473684
0.7345610857009888	0.0
0.8917780518531799	0.0
0.8228123188018799	0.0
0.7433792948722839	0.0
0.7145493030548096	0.0
0.9351467490196228	0.0
0.9211058616638184	0.0
0.9630276560783386	0.0
0.8023404479026794	0.0
0.8548495173454285	0.08333333333333333
0.752660870552063	0.0
0.9115658402442932	0.0
0.8325904011726379	0.0
0.7777859568595886	0.0
0.779349148273468	0.0
0.8735035061836243	0.0
0.811025857925415	0.0
0.9201169610023499	0.0
0.675544798374176	0.0
0.8445234298706055	0.12
0.8453732132911682	0.0
0.9140949249267578	0.0
0.8317580819129944	0.0
0.8637701869010925	0.0
0.8396773338317871	0.125
0.8795795440673828	0.125
0.8539398908615112	0.125
0.8423688411712646	0.0
0.7781285643577576	0.125
0.6345445513725281	0.0
0.9199537038803101	0.0
0.8565187454223633	0.0
0.9862428903579712	0.25
0.8558110594749451	0.14285714285714285
0.5540777444839478	0.16666666666666666
0.8401318788528442	0.1111111111111111
0.8117601275444031	0.07692307692307693
0.599614143371582	0.0
0.7563530802726746	0.0
0.9129475355148315	0.0
0.9127360582351685	0.08333333333333333
0.7877358198165894	0.0
0.6794293522834778	0.0
0.7624821066856384	0.0
0.940528929233551	0.0
0.48347947001457214	0.0
0.9327051639556885	0.0
0.9664106369018555	0.0
0.7399401664733887	0.0
0.8145525455474854	0.0
0.5296456217765808	0.0
0.8603472709655762	0.0
0.967850387096405	0.0
0.3603060245513916	0.0
0.590568482875824	0.0
0.9255887866020203	0.0
0.7334873080253601	0.0
0.9775061011314392	0.0
0.9876559376716614	0.0
0.9173460602760315	0.0
0.8290042877197266	0.0
0.882782518863678	0.0
0.9337670207023621	0.0
0.9584854245185852	0.0
0.7924999594688416	0.0
0.4509798586368561	0.0
0.7252660393714905	0.0
0.7353528141975403	0.0
0.641096293926239	0.0
0.4767352044582367	0.0
0.8846496939659119	0.0
0.8481724262237549	0.0
0.9502403736114502	0.0
0.7558775544166565	0.0
0.6271795630455017	0.0
0.9308455586433411	0.0625
0.906745970249176	0.0
0.6686177253723145	0.0
0.8260983228683472	0.0
0.957904040813446	0.0
0.9237528443336487	0.07142857142857142
0.7176154851913452	0.0
0.9353001117706299	0.0
0.745865523815155	0.0
0.9557841420173645	0.0
0.8976542353630066	0.0
0.3961283266544342	0.0
0.9016367793083191	0.0
0.9869222640991211	0.0
0.9232457280158997	0.15384615384615385
0.9126649498939514	0.0
0.9919513463973999	0.0
0.8442445397377014	0.0
0.9489573836326599	0.0
0.542626142501831	0.0
0.5165966153144836	0.0
0.7023500800132751	0.0
0.5666559338569641	0.0
0.5317763686180115	0.0
0.8934436440467834	0.0
0.6967783570289612	0.0
0.7340668439865112	0.0
0.8765268325805664	0.0
0.8432053923606873	0.0
0.8249378800392151	0.0
0.9816948771476746	0.0
0.8323559165000916	0.0
0.8007339835166931	0.0
0.7281579375267029	0.0
0.9595054984092712	0.0
0.915494978427887	0.2857142857142857
0.8738678097724915	0.0
0.9279174208641052	0.0
0.4838182032108307	0.0
0.869689404964447	0.0
0.900825560092926	0.0
0.9294043183326721	0.0
0.9562192559242249	0.0
0.9076257348060608	0.0
0.9353067874908447	0.0
0.8904828429222107	0.0
0.663049578666687	0.0
0.5442686080932617	0.0
0.706974446773529	0.0
0.8061659336090088	0.0
0.9082655310630798	0.0
0.8787338137626648	0.0
0.750443160533905	0.0
0.8049625754356384	0.0
0.7995363473892212	0.0
0.7508412003517151	0.037037037037037035
0.9483372569084167	0.0
0.7066426873207092	0.0
0.8025745749473572	0.0
0.9559089541435242	0.0
0.5982749462127686	0.0
0.9156333804130554	0.0
0.9272423386573792	0.0
0.7576231360435486	0.0
0.7826663255691528	0.0
0.8796640038490295	0.0
0.8678843975067139	0.0
0.44889190793037415	0.0
0.972633421421051	0.0
0.607178270816803	0.0
0.8804200887680054	0.0
0.8965593576431274	0.0
0.89866703748703	0.0
0.9423756003379822	0.0
0.41110068559646606	0.0
0.8782668709754944	0.04
0.8484082818031311	0.07142857142857142
0.9681251645088196	0.0
0.876046359539032	0.0
0.8005680441856384	0.0
0.8610830903053284	0.0
0.9910629987716675	0.0
0.9050262570381165	0.0
0.7775223851203918	0.25
0.8595661520957947	0.0
0.8778605461120605	0.0
0.9030972719192505	0.0
0.8438718318939209	0.06666666666666667
0.8831995725631714	0.0
0.9740478992462158	0.0
0.8934727311134338	0.0
0.9499838352203369	0.0
0.6643747687339783	0.0
0.89211505651474	0.0
0.9109228849411011	0.0
0.9103913903236389	0.0
0.9455909729003906	0.0
0.9833430647850037	0.0
0.9527082443237305	0.0
0.9323694109916687	0.0
0.40944433212280273	0.08333333333333333
0.6502001881599426	0.0
0.5942543745040894	0.0
0.7371422052383423	0.0
0.9237921237945557	0.0
0.8032957911491394	0.0
0.8264696598052979	0.0
0.9449818134307861	0.0
0.7197102308273315	0.0
0.9815734624862671	0.0
0.9164822101593018	0.0
0.8116893172264099	0.0
0.8976776003837585	2.375
0.5144089460372925	0.0
0.8831538558006287	0.0
0.6571566462516785	0.0
0.9407957792282104	0.0
0.6526830792427063	0.0
0.9410198926925659	0.0
0.7017207741737366	0.0
0.6329312324523926	0.0
0.7878885269165039	0.0
0.8558703064918518	0.0
0.7824159264564514	0.0
0.6292118430137634	0.0
0.7784926891326904	0.0
0.7890428900718689	0.0
0.8262160420417786	0.0
0.7420868277549744	0.0
0.5698973536491394	0.0
0.7446288466453552	0.0
0.3866198658943176	0.0
0.9700834155082703	0.0
0.8806532025337219	0.0
0.4940973222255707	0.0
0.6344133615493774	0.1
0.22487559914588928	0.13636363636363635
0.5677480101585388	0.0
0.9687345027923584	0.0
0.9186126589775085	0.0
0.3934045135974884	0.25
0.28773432970046997	0.05555555555555555
0.7618597149848938	0.0
0.587600827217102	0.07317073170731707
0.5356422662734985	0.0
0.8514782786369324	0.0
0.7867235541343689	0.0
0.22244586050510406	0.0
0.3352414071559906	0.04878048780487805
0.44579246640205383	0.0
0.24229033291339874	0.0
0.5198517441749573	0.07142857142857142
0.3168299198150635	0.0
0.6217747330665588	0.041666666666666664
0.9411436915397644	0.0
0.2275090515613556	0.06666666666666667
0.41275495290756226	0.0
0.6547501683235168	0.0
0.4242996871471405	0.0
0.8889716267585754	0.0
0.7413615584373474	0.0
0.8501490354537964	0.0
0.8916045427322388	0.0
0.10097098350524902	0.041666666666666664
0.43892303109169006	0.0
0.7176575064659119	0.058823529411764705
0.9299772381782532	0.0
0.39426010847091675	0.23076923076923078
0.36939939856529236	0.07142857142857142
0.2477552890777588	0.058823529411764705
0.539368212223053	0.0
0.9599777460098267	0.0
0.22595499455928802	0.0
0.6486141681671143	0.0
0.8695865273475647	0.0
0.9411746263504028	0.0
0.8737449049949646	0.05555555555555555
0.7492420673370361	0.08
0.6786441206932068	0.0
0.6264975666999817	0.07692307692307693
0.9171900749206543	0.0
0.9747399687767029	0.0
0.7887431383132935	0.0
0.687865674495697	0.0
0.6738864183425903	0.0
0.9049558639526367	0.13043478260869565
0.8536867499351501	0.0
0.8145370483398438	0.0
0.6602727770805359	0.0
0.5417289137840271	0.0
0.5456825494766235	0.038461538461538464
0.7157191038131714	0.058823529411764705
0.7745665907859802	0.04
0.819147527217865	0.058823529411764705
0.8734695315361023	0.06666666666666667
0.6538197994232178	0.0
0.9038617610931396	0.0
0.8936946988105774	0.0
0.32647839188575745	0.0
0.8618555665016174	0.0
0.8516699075698853	0.0
0.8760331273078918	0.125
0.8710078597068787	0.047619047619047616
0.8299766182899475	0.0
0.9283686280250549	0.0
0.8785849213600159	0.0
0.8861222863197327	0.09090909090909091
0.8921733498573303	0.0
0.15621620416641235	0.0
0.46617943048477173	0.11363636363636363
0.14869095385074615	0.1
0.8197930455207825	0.0
0.22252525389194489	0.03333333333333333
0.16128703951835632	0.0
0.8798254728317261	0.0
0.4071570336818695	0.18181818181818182
0.34087127447128296	0.0
0.23185086250305176	0.043478260869565216
0.6320985555648804	0.0
0.7200701236724854	0.0
0.8852697014808655	0.09523809523809523
0.4379708170890808	0.05
0.5351900458335876	0.05555555555555555
0.15310975909233093	0.03571428571428571
0.7074159979820251	0.0
0.4386398494243622	0.0
0.6188520789146423	0.0
0.17632171511650085	0.13333333333333333
0.8906611800193787	0.025
0.8453298807144165	0.1875
0.19200929999351501	0.0
0.8448838591575623	0.0
0.8415859341621399	0.06060606060606061
0.15303172171115875	0.0
0.5140182971954346	0.0
0.1636860966682434	0.0
0.39047226309776306	0.14285714285714285
0.740384042263031	0.05555555555555555
0.9499843120574951	0.15
0.8658286333084106	0.07142857142857142
0.7331505417823792	0.0
0.9666358828544617	0.0
0.9343400597572327	0.1
0.9739386439323425	0.0
0.3422542214393616	0.0
0.08983491361141205	0.13636363636363635
0.940406084060669	0.0
0.13690702617168427	0.0
0.9537594318389893	0.0
0.5759104490280151	0.0
0.8417617678642273	0.0
0.9076626300811768	0.08695652173913043
0.6454440951347351	0.13636363636363635
0.4858264625072479	0.10256410256410256
0.9140550494194031	0.0
0.735788881778717	0.05555555555555555
0.7187601923942566	0.0
0.5741004347801208	0.041666666666666664
0.7223441004753113	0.14285714285714285
0.81547611951828	0.0
0.5711984038352966	0.0
0.7710863351821899	0.1
0.9465034008026123	0.07142857142857142
0.6351919770240784	0.045454545454545456
0.6661266684532166	0.0
0.9518703818321228	0.0
0.9446344971656799	0.0
0.8242133259773254	0.0
0.8851507306098938	0.03571428571428571
0.8807474970817566	0.0
0.4050366282463074	0.0
0.9636784791946411	0.07692307692307693
0.41924768686294556	0.0
0.19043052196502686	0.0
0.8746042847633362	0.0
0.910399317741394	0.0
0.06344422698020935	0.02857142857142857
0.9141741991043091	0.0
0.5051325559616089	0.0
0.22832338511943817	0.04
0.2086164504289627	0.0
0.550989031791687	0.0
0.7499006390571594	0.0
0.8657312989234924	0.06666666666666667
0.930112898349762	0.043478260869565216
0.21329647302627563	0.04
0.9126344919204712	0.0
0.19771331548690796	0.0
0.6120097637176514	0.058823529411764705
0.6656658053398132	0.125
0.8585764169692993	0.0
0.48140057921409607	0.0
0.7564182281494141	0.02564102564102564
0.7638216614723206	0.0
0.6858123540878296	0.10526315789473684
0.6569071412086487	0.0
0.7078006863594055	0.045454545454545456
0.7720686793327332	0.0
0.9740102887153625	0.0
0.6806942820549011	0.11764705882352941
0.388820618391037	0.0
0.4784930348396301	0.16666666666666666
0.5232717394828796	0.047619047619047616
0.7605262994766235	0.0
0.8523389101028442	0.047619047619047616
0.7642787098884583	0.0
0.636773943901062	0.07142857142857142
0.7943084836006165	0.0
0.6604655981063843	0.6666666666666666
0.5612027049064636	0.045454545454545456
0.7531967759132385	0.0
0.8103883862495422	0.4
0.7977041602134705	0.0
0.9395005106925964	0.0
0.6543437242507935	1.4545454545454546
0.7681043744087219	0.14285714285714285
0.8410763740539551	0.0
0.7166189551353455	0.0
0.9213487505912781	0.0
0.7610176801681519	0.0
0.817176878452301	0.0
0.859893798828125	0.05
0.8413307070732117	0.05263157894736842
0.880931556224823	0.05555555555555555
0.90447998046875	0.0
0.8902310132980347	0.13636363636363635
0.737590491771698	0.09090909090909091
0.7001898288726807	0.0
0.8835790753364563	0.0
0.8411266803741455	0.16666666666666666
0.9201157689094543	0.0
0.8819364309310913	0.0
0.8372799158096313	0.05714285714285714
0.9503581523895264	0.0
0.5622560381889343	0.3333333333333333
0.7802630662918091	0.13636363636363635
0.9783880710601807	0.0
0.8925780057907104	0.09090909090909091
0.686692476272583	0.09090909090909091
0.4820612370967865	0.2
0.6687137484550476	0.0
0.5177600979804993	0.5
0.8716738224029541	0.0
0.7361593842506409	0.05263157894736842
0.7162807583808899	0.058823529411764705
0.9266340732574463	0.16666666666666666
0.9903298020362854	0.0
0.6960062384605408	0.043478260869565216
0.5682989954948425	0.1
0.6183430552482605	0.2
0.7759116291999817	0.0
0.8834131360054016	0.06666666666666667
0.9481348395347595	0.16666666666666666
0.6461248993873596	0.0
0.8590185642242432	0.0
0.5722165107727051	0.0
0.832233726978302	0.0
0.973751962184906	0.0
0.6071715950965881	0.0
0.8251693844795227	0.0
0.8117212653160095	0.0
0.9307337403297424	0.2
0.6267139911651611	0.0
0.8762659430503845	0.0
0.8968290686607361	0.2222222222222222
0.8431999087333679	0.0
0.7787891030311584	0.0
0.44793814420700073	0.0
0.9807621240615845	0.0
0.9476757645606995	0.0
0.8467512726783752	0.08
0.8414578437805176	0.0
0.7215201258659363	0.09090909090909091
0.3925139009952545	0.08333333333333333
0.49317944049835205	0.4
0.8684467077255249	0.16666666666666666
0.9081899523735046	0.05263157894736842
0.861528754234314	0.05263157894736842
0.8681221604347229	0.0
0.7854060530662537	0.0
0.9555051922798157	0.0
0.668778121471405	0.0
0.9352673888206482	0.0
0.9035988450050354	0.0
0.6568014621734619	0.0
0.5763014554977417	0.0
0.734814465045929	0.0
0.8364356756210327	0.0
0.7821270227432251	0.05
0.5335386395454407	0.0
0.9218096137046814	0.0
0.747991681098938	0.0
0.9770626425743103	0.0
0.9569039344787598	0.0
0.3885173201560974	0.0
0.9253172874450684	0.0
0.6707934737205505	0.0
0.6500590443611145	0.0
0.6095912456512451	0.0
0.9422228932380676	0.0
0.8313618302345276	0.0
0.9447831511497498	0.0
0.8412332534790039	0.0
0.9112326502799988	0.2857142857142857
0.8678470253944397	0.045454545454545456
0.7611457705497742	0.0
0.4441443085670471	1.0
0.9849464297294617	0.0
0.41444453597068787	0.2
0.8368998169898987	0.0
0.5840102434158325	0.0
0.8939515948295593	0.0
0.8220503926277161	0.0
0.6939411759376526	0.15384615384615385
0.48770061135292053	0.1111111111111111
0.8845341801643372	0.0
0.9583346247673035	0.0
0.8190682530403137	0.0
0.8643162846565247	0.0
0.9646812677383423	0.0
0.9687535762786865	0.0
0.6400832533836365	0.05
0.8328965902328491	0.0
0.586487352848053	0.0
0.9390596151351929	0.0
0.7006499767303467	0.0
0.27753689885139465	0.07142857142857142
0.5464199185371399	0.0
0.6276854872703552	0.10526315789473684
0.9616800546646118	0.0
0.9621699452400208	0.0
0.8979422450065613	0.0
0.640963077545166	0.0
0.8998174071311951	0.0
0.4558858871459961	0.07692307692307693
0.937300443649292	0.0
0.9097519516944885	0.0
0.839258074760437	0.0
0.611372172832489	0.0
0.8388068079948425	0.0
0.9127756357192993	0.0
0.7877405881881714	0.0
0.8767586350440979	0.0
0.8726222515106201	0.0
0.8645349144935608	0.0
0.46035075187683105	0.16666666666666666
0.795339047908783	0.0
0.8633436560630798	0.0
0.9595129489898682	0.0
0.8924117684364319	0.0
0.6953490376472473	0.0
0.8950909376144409	0.0
0.8970357179641724	0.0
0.7794671654701233	0.02127659574468085
0.9166296720504761	0.0
0.9831113219261169	0.0
0.6001951098442078	0.0
0.27304807305336	0.0
0.7916867136955261	0.0
0.852228045463562	0.0
0.821872889995575	0.0
0.8176466822624207	0.0
0.7110459208488464	0.0
0.6756821870803833	0.2857142857142857
0.40476009249687195	0.0
0.3858093321323395	0.0
0.4734465181827545	0.03571428571428571
0.9880918264389038	0.0
0.8794711828231812	0.0
0.7803114056587219	0.0
0.3635702431201935	0.0
0.5133403539657593	0.0
0.5873363018035889	0.07692307692307693
0.666342556476593	0.0
0.9511153101921082	0.0
0.933090090751648	0.08333333333333333
0.9170219302177429	0.0
0.7704014182090759	0.0
0.8429710268974304	0.05
0.8124364018440247	0.07692307692307693
0.8728311657905579	0.0
0.9862889647483826	0.0
0.7999390363693237	0.0
0.7411311864852905	0.0
0.852791965007782	0.0
0.9225592613220215	0.0
0.9070279598236084	0.0
0.6054571866989136	0.0
0.8462308049201965	0.0
0.9001462459564209	0.0
0.6952946782112122	0.15789473684210525
0.7600916028022766	0.0
0.877652108669281	0.06666666666666667
0.43674686551094055	0.2727272727272727
0.8580938577651978	0.04
0.8739239573478699	0.0
0.8565981984138489	0.0
0.6460163593292236	0.0
0.5956235527992249	0.0
0.46503037214279175	0.3333333333333333
0.6998229026794434	0.0
0.4257506728172302	0.047619047619047616
0.1294882446527481	0.07692307692307693
0.6825282573699951	0.037037037037037035
0.7687605023384094	0.06666666666666667
0.8288061022758484	0.037037037037037035
0.8876301050186157	0.045454545454545456
0.6793174743652344	0.0
0.5540785193443298	0.0
0.8173896670341492	0.06666666666666667
0.7542553544044495	0.06896551724137931
0.6865968108177185	0.0
0.40568864345550537	0.0
0.9941504597663879	0.0
0.5342044234275818	0.0
0.5158595442771912	0.0
0.5692343711853027	0.11538461538461539
0.7292796969413757	0.0
0.5305156111717224	0.13636363636363635
0.874474287033081	0.0
0.7146779894828796	0.0
0.6402800679206848	0.0
0.8768098950386047	0.0
0.7135814428329468	0.0
0.8562530279159546	0.0
0.6956424117088318	0.0
0.9894959330558777	0.0
0.3891405761241913	0.08695652173913043
0.7937069535255432	0.125
0.9282774925231934	0.0
0.8015469312667847	0.0
0.9722672700881958	0.2
0.8844676613807678	0.14285714285714285
0.5081948637962341	0.07142857142857142
0.1337965577840805	0.038461538461538464
0.8676567077636719	0.08333333333333333
0.879966676235199	0.04
0.1304757297039032	0.0
0.9329121708869934	0.0
0.7098778486251831	0.14285714285714285
0.41482314467430115	0.0
0.9290307760238647	0.0
0.8567066192626953	0.125
0.6583647131919861	0.14285714285714285
0.5845275521278381	0.16666666666666666
0.7857005596160889	0.1111111111111111
0.5337875485420227	0.18181818181818182
0.6738069653511047	0.13333333333333333
0.87376868724823	0.0625
0.82249516248703	0.09090909090909091
0.5712792277336121	0.1
0.13947966694831848	0.0
0.5370112657546997	0.1111111111111111
0.4595361053943634	0.4
0.5529517531394958	0.07142857142857142
0.6264880299568176	0.0
0.7963393330574036	0.125
0.21173322200775146	0.1111111111111111
0.3311924934387207	0.0
0.15582196414470673	0.14285714285714285
0.5204989314079285	0.125
0.5071635842323303	0.0
0.26144832372665405	0.2
0.21483775973320007	0.0625
0.8852770328521729	0.0
0.32334253191947937	0.16666666666666666
0.26997700333595276	0.0
0.27868059277534485	0.05555555555555555
0.9299963116645813	0.0
0.7610448598861694	0.06666666666666667
0.8777025938034058	0.0
0.42235687375068665	0.07407407407407407
0.6146719455718994	0.1
0.18449674546718597	0.1
0.4695301353931427	0.06666666666666667
0.9346233010292053	0.0
0.6187753081321716	0.06666666666666667
0.8665845394134521	0.08333333333333333
0.7537200450897217	0.07692307692307693
0.7084783315658569	0.04
0.5470346212387085	0.0
0.8710800409317017	0.04
0.6917733550071716	0.1
0.5673701763153076	0.14285714285714285
0.5692630410194397	0.0
0.692403256893158	0.03571428571428571
0.15081840753555298	0.0
0.6093981266021729	0.0
0.8735047578811646	0.08333333333333333
0.9109943509101868	0.05
0.8840680122375488	0.058823529411764705
0.7882211804389954	0.034482758620689655
0.9023152589797974	0.07142857142857142
0.7664193511009216	0.0
0.5513411164283752	0.14285714285714285
0.758879542350769	0.05263157894736842
0.9024590849876404	0.0
0.4672735929489136	0.0
0.7736551761627197	0.0
0.6200447678565979	0.0
0.9182353019714355	0.0
0.7405107617378235	0.038461538461538464
0.6529394388198853	0.047619047619047616
0.7699266672134399	0.0
0.8701062798500061	0.05263157894736842
0.8485020399093628	0.0
0.8625956177711487	0.0
0.6204873323440552	0.0
0.4940378963947296	0.03571428571428571
0.9513676762580872	0.0
0.8845959305763245	0.0
0.8670963644981384	0.0
0.6724485754966736	0.0
0.9052096009254456	0.10344827586206896
0.8669654130935669	0.06666666666666667
0.8893520832061768	0.0
0.8695622086524963	0.0
0.4299105405807495	0.0
0.6078115701675415	0.0
0.6282954812049866	0.0
0.9635677933692932	0.0
0.8692349195480347	0.0
0.5878078937530518	0.041666666666666664
0.4340271055698395	0.125
0.7919641137123108	0.1
0.5021743178367615	0.09090909090909091
0.9435155987739563	0.0
0.9750527143478394	0.0
0.9501342177391052	0.0
0.31576600670814514	0.25
0.8889572620391846	0.0
0.22105611860752106	0.1111111111111111
0.4981944262981415	0.0
0.8239063024520874	0.25
0.8838683366775513	0.0
0.9286386966705322	0.0
0.6687597036361694	0.0
0.8639867901802063	0.0
0.5866090059280396	0.09090909090909091
0.8975128531455994	0.0
0.6083462834358215	0.15384615384615385
0.9114933013916016	0.0
0.8198309540748596	0.047619047619047616
0.7003142833709717	0.0
0.9408766627311707	0.0
0.3503130376338959	0.0
0.9096355438232422	0.0
0.9529651999473572	0.0
0.530178964138031	0.0
0.9643288850784302	0.0
0.976202666759491	0.0
0.311686635017395	0.0
0.9111505150794983	0.0
0.7585352659225464	0.0
0.6832703948020935	0.0
0.9553247690200806	0.0
0.8603777885437012	0.0
0.8398941159248352	0.0
0.9714245200157166	0.0
0.6458154916763306	0.0625
0.594386100769043	0.0
0.6823729872703552	0.0
0.5539663434028625	0.16666666666666666
0.692033588886261	0.125
0.458757221698761	0.0
0.9303828477859497	0.0
0.9460386037826538	0.0
0.4624822735786438	0.0
0.20469659566879272	0.0
0.599345326423645	0.0
0.986618161201477	0.0
0.9292276501655579	0.0
0.8853843808174133	0.0
0.8681868314743042	0.2222222222222222
0.9709876775741577	0.0
0.7648967504501343	0.18181818181818182
0.8598477840423584	0.15384615384615385
0.9807705879211426	0.0
0.7271026968955994	0.16666666666666666
0.9685302972793579	0.0
0.93537837266922	0.0
0.6223995685577393	0.0
0.6584525108337402	0.0
0.7616611123085022	0.0
0.7839303016662598	0.0
0.6862692832946777	0.0
0.4998261630535126	0.0
0.659718930721283	0.0
0.6324247717857361	0.0
0.7615256309509277	0.0
0.891481339931488	0.0
0.8905625939369202	0.0
0.9141244888305664	0.0
0.7818160057067871	0.0
0.6991869807243347	0.0
0.9420413374900818	0.0
0.7328081727027893	0.0
0.5788201093673706	0.0
0.7293388247489929	0.0
0.7801553606987	0.1
0.7109467387199402	0.10869565217391304
0.7255393266677856	0.0
0.5631102323532104	0.13043478260869565
0.7629899382591248	0.041666666666666664
0.8567466139793396	0.0
0.8528419733047485	0.08
0.21616236865520477	0.09090909090909091
0.7965723872184753	0.0
0.8362793326377869	0.10344827586206896
0.5504764914512634	0.0
0.7141082882881165	0.0
0.5969482064247131	0.07692307692307693
0.8332436084747314	0.038461538461538464
0.7155764698982239	0.1111111111111111
0.59723961353302	0.0
0.37121132016181946	0.06666666666666667
0.7483428716659546	0.16666666666666666
0.897980272769928	0.05
0.506712019443512	0.11538461538461539
0.4660526514053345	0.07692307692307693
0.8849664330482483	0.0
0.9044188261032104	0.08333333333333333
0.5371698141098022	0.0
0.927429735660553	0.0
0.33661335706710815	0.029411764705882353
0.926032543182373	0.0
0.8474022746086121	0.08
0.598894476890564	0.0
0.8854925036430359	0.0
0.8919440507888794	0.0
0.5761346220970154	0.0
0.756772518157959	0.0
0.8897803425788879	0.0
0.7752692699432373	0.0
0.9055699706077576	0.0
0.8882684111595154	0.0
0.6352291107177734	0.1
0.7346479296684265	0.2222222222222222
0.8680192828178406	0.06666666666666667
0.5893853902816772	0.0
0.46470096707344055	0.0
0.7893129587173462	0.14285714285714285
0.9345912933349609	0.0
0.8679034113883972	0.0
0.9160629510879517	0.14285714285714285
0.4941957890987396	0.0
0.7447187900543213	0.0
0.6226838231086731	0.0
0.9680885076522827	0.0
0.668643593788147	0.25
0.9721110463142395	0.0
0.7402567863464355	0.08
0.7001212239265442	0.0
0.5342658162117004	1.0
0.676520586013794	0.16666666666666666
0.9595735669136047	0.0
0.7837282419204712	0.0
0.8550383448600769	0.0
0.9627087712287903	0.0
0.6696661114692688	0.0
0.968562126159668	0.0
0.9307389855384827	0.0
0.8378818035125732	0.0
0.28213992714881897	0.0
0.44305431842803955	0.0
0.9679654240608215	0.0
0.8609044551849365	0.0
0.37870046496391296	0.23076923076923078
0.7922605872154236	0.0
0.893659770488739	0.041666666666666664
0.7426666021347046	0.06666666666666667
0.8943456411361694	0.0
0.8756000995635986	0.0
0.9358441233634949	0.16666666666666666
0.5240342020988464	0.0
0.7956334352493286	0.07692307692307693
0.5487350821495056	0.05
0.8884707689285278	0.07142857142857142
0.7665026187896729	0.2
0.6304488182067871	0.0
0.9875759482383728	0.0
0.721798300743103	0.0
0.4518136978149414	0.25
0.874481737613678	0.0
0.5838227272033691	0.0
0.6968048214912415	0.0
0.9038310647010803	0.0
0.10648992657661438	0.0
0.8684225678443909	0.0
0.2264702022075653	0.0
0.8966166377067566	0.0
0.8537774085998535	0.0
0.9876389503479004	0.0
0.9860588312149048	0.0
0.974871039390564	0.0
0.9341279864311218	0.0
0.8927639722824097	0.045454545454545456
0.646956741809845	0.0
0.3812794089317322	0.0
0.9416415095329285	0.0
0.8743971586227417	0.0
0.8454855680465698	0.0
0.889329731464386	0.0
0.6592119932174683	0.0
0.3826794922351837	0.0
0.9086301922798157	0.0
0.7670198082923889	0.0
0.9811087250709534	0.0
0.9213160872459412	0.0
0.9175604581832886	0.0
0.8820854425430298	0.0
0.8064963221549988	0.0
0.9526128768920898	0.0
0.553394079208374	0.0
0.6467268466949463	0.0
0.9130459427833557	0.0
0.8446506261825562	0.0
0.8357466459274292	0.0
0.933742344379425	0.0
0.9056134819984436	0.0
0.851773738861084	0.0
0.8375322222709656	0.0
0.9400404095649719	0.0
0.7397207021713257	0.0
0.7412696480751038	0.0
0.7091532349586487	0.0
0.914558470249176	0.0
0.9508788585662842	0.0
0.9176806211471558	0.0
0.7914350628852844	0.0
0.9523374438285828	0.0
0.6781895160675049	0.0
0.8541635870933533	0.0
0.8974736928939819	0.0
0.8643657565116882	0.0
0.8430404663085938	0.0
0.9270935654640198	1.0
0.8780428767204285	0.0
0.9477468729019165	1.3
